--- REGION --- 
input: 
[-1.  1.  1.  1.  1. -1.]
memory1: 
[[ 1  1  1  1  1  1]
 [-1 -1 -1 -1 -1 -1]
 [ 1  1 -1 -1  1  1]
 [-1 -1  1  1 -1 -1]]
memory2: 
[[ 1  1  1]
 [-1 -1 -1]
 [ 1 -1  1]
 [-1  1 -1]]
weight: 
[[ 4.  0.  4.]
 [ 4.  0.  4.]
 [ 0.  4.  0.]
 [ 0.  4.  0.]
 [ 4.  0.  4.]
 [ 4.  0.  4.]]
epoch: 2
progression: 
[[ 0.  0.  1.  1.  0.  0.]]
progression: 
[[ 0.  0.  1.  1.  0.  0.]]

output: 
[[ 0.  0.  1.  1.  0.  0.]]


--- REGION --- 
input: 
[ 1.  1. -1.  1.  1. -1.]
memory1: 
[[ 1  1  1  1  1  1]
 [-1 -1 -1 -1 -1 -1]
 [ 1  1 -1 -1  1  1]
 [-1 -1  1  1 -1 -1]]
memory2: 
[[ 1  1  1]
 [-1 -1 -1]
 [ 1 -1  1]
 [-1  1 -1]]
weight: 
[[ 4.  0.  4.]
 [ 4.  0.  4.]
 [ 0.  4.  0.]
 [ 0.  4.  0.]
 [ 4.  0.  4.]
 [ 4.  0.  4.]]
epoch: 2
progression: 
[[ 1.  1.  0.  0.  1.  1.]]
progression: 
[[ 1.  1.  0.  0.  1.  1.]]

output: 
[[ 1.  1.  0.  0.  1.  1.]]


--- REGION --- 
input: 
[ 1. -1.  1. -1.  1. -1.]
memory1: 
[[ 1  1  1  1  1  1]
 [-1 -1 -1 -1 -1 -1]
 [ 1  1 -1 -1  1  1]
 [-1 -1  1  1 -1 -1]]
memory2: 
[[ 1  1  1]
 [-1 -1 -1]
 [ 1 -1  1]
 [-1  1 -1]]
weight: 
[[ 4.  0.  4.]
 [ 4.  0.  4.]
 [ 0.  4.  0.]
 [ 0.  4.  0.]
 [ 4.  0.  4.]
 [ 4.  0.  4.]]
epoch: 2
progression: 
[[ 0.  0.  0.  0.  0.  0.]]
progression: 
[[ 0.  0.  0.  0.  0.  0.]]

output: 
[[ 0.  0.  0.  0.  0.  0.]]


--- REGION --- 
input: 
[ 1.  1. -1.  1.]
memory1: 
[[ 1  1  1  1]
 [-1 -1 -1 -1]
 [-1  1  1 -1]]
memory2: 
[[-1 -1 -1 -1 -1]
 [-1 -1  1  1  1]
 [-1 -1  1 -1 -1]]
weight: 
[[ 1.  1. -3. -1. -1.]
 [-1. -1. -1. -3. -3.]
 [-1. -1. -1. -3. -3.]
 [ 1.  1. -3. -1. -1.]]
epoch: 2
progression: 
[[ 1.  1.  1.  1.]]
progression: 
[[ 1.  1.  1.  1.]]

output: 
[[ 1.  1.  1.  1.]]


--- REGION --- 
input: 
[-1.  1.  1.  1.]
memory1: 
[[ 1  1  1  1]
 [-1 -1 -1 -1]
 [-1  1  1 -1]]
memory2: 
[[-1 -1 -1 -1 -1]
 [-1 -1  1  1  1]
 [-1 -1  1 -1 -1]]
weight: 
[[ 1.  1. -3. -1. -1.]
 [-1. -1. -1. -3. -3.]
 [-1. -1. -1. -3. -3.]
 [ 1.  1. -3. -1. -1.]]
epoch: 2
progression: 
[[ 1.  1.  1.  1.]]
progression: 
[[ 1.  1.  1.  1.]]

output: 
[[ 1.  1.  1.  1.]]


--- REGION --- 
input: 
[-1.  1. -1.  1.]
memory1: 
[[ 1  1  1  1]
 [-1 -1 -1 -1]
 [-1  1  1 -1]]
memory2: 
[[-1 -1 -1 -1 -1]
 [-1 -1  1  1  1]
 [-1 -1  1 -1 -1]]
weight: 
[[ 1.  1. -3. -1. -1.]
 [-1. -1. -1. -3. -3.]
 [-1. -1. -1. -3. -3.]
 [ 1.  1. -3. -1. -1.]]
epoch: 2
progression: 
[[ 0.  0.  0.  0.]]
progression: 
[[ 0.  0.  0.  0.]]

output: 
[[ 0.  0.  0.  0.]]


