--- REGION --- 
input: 
[[ 1  1  1]
 [ 1  1 -1]
 [ 1 -1  1]
 [ 1 -1 -1]]
weight: 
[[[ 1.    0.3   0.15]
  [ 0.    0.05  0.1 ]
  [ 0.    0.2   0.2 ]]]
weight to out: [[[ 1.   0.5]
  [ 0.   0.5]
  [ 0.   0.5]]]
learning rate: 0.5
target: 
[-1  1  1 -1]
total epoch: 2

epoch: 0  iteration: 0
weight update: 
[[[ 1.    -0.475 -0.575]
  [ 0.    -0.725 -0.625]
  [ 0.    -0.575 -0.525]]]
epoch: 0  iteration: 1
weight update: 
[[[ 1.      0.3375  0.2625]
  [ 0.      0.0875  0.2125]
  [ 0.     -1.3875 -1.3625]]]
epoch: 0  iteration: 2
weight update: 
[[[ 1.       1.40625  1.41875]
  [ 0.      -0.98125 -0.94375]
  [ 0.      -0.31875 -0.20625]]]
epoch: 0  iteration: 3
weight update: 
[[[ 1.       -0.446875 -0.365625]
  [ 0.        0.871875  0.840625]
  [ 0.        1.534375  1.578125]]]
epoch: 1  iteration: 0
weight update: 
[[[ 1.        -1.9265625 -1.8921875]
  [ 0.        -0.6078125 -0.6859375]
  [ 0.         0.0546875  0.0515625]]]
epoch: 1  iteration: 1
weight update: 
[[[ 1.         -0.13203125 -0.07734375]
  [ 0.          1.18671875  1.12890625]
  [ 0.         -1.73984375 -1.76328125]]]
epoch: 1  iteration: 2
weight update: 
[[[ 1.          1.89726563  1.90742188]
  [ 0.         -0.84257813 -0.85585938]
  [ 0.          0.28945312  0.22148437]]]
epoch: 1  iteration: 3
weight update: 
[[[ 1.          0.17207031  0.13652344]
  [ 0.          0.88261719  0.91503906]
  [ 0.          2.01464844  1.99238281]]]

final weight: 
[[[ 1.          0.17207031  0.13652344]
  [ 0.          0.88261719  0.91503906]
  [ 0.          2.01464844  1.99238281]]]
final output: 
[[[ 1.  1.  1.]]

 [[ 1. -1. -1.]]

 [[ 1.  1.  1.]]

 [[ 1. -1. -1.]]]


--- REGION --- 
input: 
[[ 1  1  1]
 [ 1  1 -1]
 [ 1 -1  1]
 [ 1 -1 -1]]
weight: 
[[[ 1.    0.3   0.15]
  [ 0.    0.05  0.1 ]
  [ 0.    0.2   0.2 ]]]
weight to out: [[[ 1.   0.5]
  [ 0.   0.5]
  [ 0.   0.5]]]
learning rate: 0.5
target: 
[-1  1  1 -1]
total epoch: 2


final weight: 
[[[ 1.          0.17207031  0.13652344]
  [ 0.          0.88261719  0.91503906]
  [ 0.          2.01464844  1.99238281]]]
final output: 
[[[ 1.  1.  1.]]

 [[ 1. -1. -1.]]

 [[ 1.  1.  1.]]

 [[ 1. -1. -1.]]]


