--- REGION --- 
neurons: 
[ 0.5  1.   0.3  0.   0.4  0.8  0.2  0.7  0.9]
epoch: 
3
x_max: 1.5
r1: 1 r2: 3
c1: 0.4 c2: -0.5
progression: 
[ 0.45  1.    0.3   0.    0.4   0.8   0.2   0.7   0.9 ]
progression: 
[ 0.45  0.52  0.3   0.    0.4   0.8   0.2   0.7   0.9 ]
progression: 
[ 0.45  0.52  0.    0.    0.4   0.8   0.2   0.7   0.9 ]
progression: 
[ 0.45  0.52  0.    0.    0.4   0.8   0.2   0.7   0.9 ]
progression: 
[ 0.45  0.52  0.    0.    0.    0.8   0.2   0.7   0.9 ]
progression: 
[ 0.45  0.52  0.    0.    0.    0.    0.2   0.7   0.9 ]
progression: 
[ 0.45  0.52  0.    0.    0.    0.    0.03  0.7   0.9 ]
progression: 
[ 0.45  0.52  0.    0.    0.    0.    0.03  0.12  0.9 ]
progression: 
[ 0.45  0.52  0.    0.    0.    0.    0.03  0.12  0.14]
progression: 
[ 0.388  0.52   0.     0.     0.     0.     0.03   0.12   0.14 ]
progression: 
[ 0.388  0.388  0.     0.     0.     0.     0.03   0.12   0.14 ]
progression: 
[ 0.388  0.388  0.     0.     0.     0.     0.03   0.12   0.14 ]
progression: 
[ 0.388  0.388  0.     0.     0.     0.     0.03   0.12   0.14 ]
progression: 
[ 0.388  0.388  0.     0.     0.     0.     0.03   0.12   0.14 ]
progression: 
[ 0.388  0.388  0.     0.     0.     0.     0.03   0.12   0.14 ]
progression: 
[ 0.388  0.388  0.     0.     0.     0.     0.     0.12   0.14 ]
progression: 
[ 0.388  0.388  0.     0.     0.     0.     0.     0.116  0.14 ]
progression: 
[ 0.388  0.388  0.     0.     0.     0.     0.     0.116  0.089]
progression: 
[ 0.3104  0.388   0.      0.      0.      0.      0.      0.116   0.089 ]
progression: 
[ 0.3104  0.3104  0.      0.      0.      0.      0.      0.116   0.089 ]
progression: 
[ 0.3104  0.3104  0.      0.      0.      0.      0.      0.116   0.089 ]
progression: 
[ 0.3104  0.3104  0.      0.      0.      0.      0.      0.116   0.089 ]
progression: 
[ 0.3104  0.3104  0.      0.      0.      0.      0.      0.116   0.089 ]
progression: 
[ 0.3104  0.3104  0.      0.      0.      0.      0.      0.116   0.089 ]
progression: 
[ 0.3104  0.3104  0.      0.      0.      0.      0.0019  0.116   0.089 ]
progression: 
[ 0.3104  0.3104  0.      0.      0.      0.      0.0019  0.082   0.089 ]
progression: 
[ 0.3104  0.3104  0.      0.      0.      0.      0.0019  0.082   0.082 ]

result: 
[ 0.3104  0.3104  0.      0.      0.      0.      0.0019  0.082   0.082 ]


--- REGION --- 
neurons: 
[ 0.   0.5  0.8  1.   0.8  0.5  0. ]
epoch: 
2
x_max: 2
r1: 1 r2: 2
c1: 0.6 c2: -0.4
progression: 
[ 0.   0.5  0.8  1.   0.8  0.5  0. ]
progression: 
[ 0.    0.38  0.8   1.    0.8   0.5   0.  ]
progression: 
[ 0.    0.38  1.06  1.    0.8   0.5   0.  ]
progression: 
[ 0.    0.38  1.06  1.16  0.8   0.5   0.  ]
progression: 
[ 0.    0.38  1.06  1.16  1.06  0.5   0.  ]
progression: 
[ 0.    0.38  1.06  1.16  1.06  0.38  0.  ]
progression: 
[ 0.    0.38  1.06  1.16  1.06  0.38  0.  ]
progression: 
[ 0.    0.38  1.06  1.16  1.06  0.38  0.  ]
progression: 
[ 0.    0.4   1.06  1.16  1.06  0.38  0.  ]
progression: 
[ 0.     0.4    1.136  1.16   1.06   0.38   0.   ]
progression: 
[ 0.     0.4    1.136  1.664  1.06   0.38   0.   ]
progression: 
[ 0.     0.4    1.136  1.664  1.136  0.38   0.   ]
progression: 
[ 0.     0.4    1.136  1.664  1.136  0.4    0.   ]
progression: 
[ 0.     0.4    1.136  1.664  1.136  0.4    0.   ]

result: 
[ 0.     0.4    1.136  1.664  1.136  0.4    0.   ]


