--- REGION --- 
input: 
[[1 1 0 0]
 [0 0 0 1]
 [1 0 0 0]
 [0 0 1 1]]
weight: 
[[ 0.2  0.6  0.5  0.9]
 [ 0.8  0.4  0.7  0.3]]
max cluster: 2
learning rate: 0.6
weight update: 
[[ 0.2   0.6   0.5   0.9 ]
 [ 0.92  0.76  0.28  0.12]]
weight update: 
[[ 0.08  0.24  0.2   0.96]
 [ 0.92  0.76  0.28  0.12]]
weight update: 
[[ 0.08   0.24   0.2    0.96 ]
 [ 0.968  0.304  0.112  0.048]]
weight update: 
[[ 0.032  0.096  0.68   0.984]
 [ 0.968  0.304  0.112  0.048]]
weight update: 
[[ 0.032   0.096   0.68    0.984 ]
 [ 0.9776  0.5128  0.0784  0.0336]]
weight update: 
[[ 0.0224  0.0672  0.476   0.9888]
 [ 0.9776  0.5128  0.0784  0.0336]]
weight update: 
[[ 0.0224   0.0672   0.476    0.9888 ]
 [ 0.98432  0.35896  0.05488  0.02352]]
weight update: 
[[ 0.01568  0.04704  0.6332   0.99216]
 [ 0.98432  0.35896  0.05488  0.02352]]
final weight: 
[[ 0.01568  0.04704  0.6332   0.99216]
 [ 0.98432  0.35896  0.05488  0.02352]]


